6,10,2,District and Sessions Judge,210900000152020
6,10,2,District and Sessions Judge,210900000142020
6,10,2,District and Sessions Judge,210900000132020
6,10,2,District and Sessions Judge,210900000122020
6,10,2,District and Sessions Judge,210900000112020
6,10,2,District and Sessions Judge,210900000102020
6,10,2,District and Sessions Judge,210900000092020
6,10,2,District and Sessions Judge,210900000082020
6,10,2,District and Sessions Judge,210900000072020
6,10,2,District and Sessions Judge,210900000062020
6,10,2,District and Sessions Judge,210900000052020
6,10,2,District and Sessions Judge,210900000042020
6,10,2,District and Sessions Judge,210900000032020
6,10,2,District and Sessions Judge,210900000022020
6,10,2,District and Sessions Judge,210900000012020
6,10,2,District and Sessions Judge,210900000722019
6,10,2,District and Sessions Judge,210900000712019
6,10,2,District and Sessions Judge,210900000702019
6,10,2,District and Sessions Judge,210900000692019
6,10,2,District and Sessions Judge,210900000682019
6,10,2,District and Sessions Judge,210900000672019
6,10,2,District and Sessions Judge,210900000662019
6,10,2,District and Sessions Judge,210900000652019
6,10,2,District and Sessions Judge,210900000642019
6,10,2,District and Sessions Judge,210900000632019
6,10,2,District and Sessions Judge,210900000622019
6,10,2,District and Sessions Judge,210900000612019
6,10,2,District and Sessions Judge,210900000602019
6,10,2,District and Sessions Judge,210900000592019
6,10,2,District and Sessions Judge,210900000582019
6,10,2,District and Sessions Judge,210900000572019
6,10,2,District and Sessions Judge,210900000562019
6,10,2,District and Sessions Judge,210900000552019
6,10,2,District and Sessions Judge,210900000542019
6,10,2,District and Sessions Judge,210900000532019
6,10,2,District and Sessions Judge,210900000512019
6,10,2,District and Sessions Judge,210900000502019
6,10,2,District and Sessions Judge,210900000492019
6,10,2,District and Sessions Judge,210900000482019
6,10,2,District and Sessions Judge,210900000462019
6,10,2,District and Sessions Judge,210900000452019
6,10,2,District and Sessions Judge,210900000442019
6,10,2,District and Sessions Judge,210900000432019
6,10,2,District and Sessions Judge,210900000422019
6,10,2,District and Sessions Judge,210900000412019
6,10,2,District and Sessions Judge,210900000402019
6,10,2,District and Sessions Judge,210900000392019
6,10,2,District and Sessions Judge,210900000382019
6,10,2,District and Sessions Judge,210900000372019
6,10,2,District and Sessions Judge,210900000362019
6,10,2,District and Sessions Judge,210900000352019
6,10,2,District and Sessions Judge,210900000342019
6,10,2,District and Sessions Judge,210900000332019
6,10,2,District and Sessions Judge,210900000322019
6,10,2,District and Sessions Judge,210900000312019
6,10,2,District and Sessions Judge,210900000302019
6,10,2,District and Sessions Judge,210900000292019
6,10,2,District and Sessions Judge,210900000282019
6,10,2,District and Sessions Judge,210900000272019
6,10,2,District and Sessions Judge,210900000262019
6,10,2,District and Sessions Judge,210900000252019
6,10,2,District and Sessions Judge,210900000242019
6,10,2,District and Sessions Judge,210900000232019
6,10,2,District and Sessions Judge,210900000222019
6,10,2,District and Sessions Judge,210900000212019
6,10,2,District and Sessions Judge,210900000202019
6,10,2,District and Sessions Judge,210900000192019
6,10,2,District and Sessions Judge,210900000182019
6,10,2,District and Sessions Judge,210900000172019
6,10,2,District and Sessions Judge,210900000152019
6,10,2,District and Sessions Judge,210900000142019
6,10,2,District and Sessions Judge,210900000132019
6,10,2,District and Sessions Judge,210900000122019
6,10,2,District and Sessions Judge,210900000112019
6,10,2,District and Sessions Judge,210900000092019
6,10,2,District and Sessions Judge,210900000082019
6,10,2,District and Sessions Judge,210900000072019
6,10,2,District and Sessions Judge,210900000062019
6,10,2,District and Sessions Judge,210900000052019
6,10,2,District and Sessions Judge,210900000042019
6,10,2,District and Sessions Judge,210900000032019
6,10,2,District and Sessions Judge,210900000022019
6,10,2,District and Sessions Judge,210900000012019
6,10,2,District and Sessions Judge,210900001092018
6,10,2,District and Sessions Judge,210900001082018
6,10,2,District and Sessions Judge,210900001072018
6,10,2,District and Sessions Judge,210900001062018
6,10,2,District and Sessions Judge,210900001052018
6,10,2,District and Sessions Judge,210900001042018
6,10,2,District and Sessions Judge,210900001032018
6,10,2,District and Sessions Judge,210900001022018
6,10,2,District and Sessions Judge,210900001012018
6,10,2,District and Sessions Judge,210900001002018
6,10,2,District and Sessions Judge,210900000982018
6,10,2,District and Sessions Judge,210900000972018
6,10,2,District and Sessions Judge,210900000962018
6,10,2,District and Sessions Judge,210900000952018
6,10,2,District and Sessions Judge,210900000942018
6,10,2,District and Sessions Judge,210900000922018
6,10,2,District and Sessions Judge,210900000912018
6,10,2,District and Sessions Judge,210900000892018
6,10,2,District and Sessions Judge,210900000872018
6,10,2,District and Sessions Judge,210900000852018
6,10,2,District and Sessions Judge,210900000832018
6,10,2,District and Sessions Judge,210900000812018
6,10,2,District and Sessions Judge,210900000802018
6,10,2,District and Sessions Judge,210900000792018
6,10,2,District and Sessions Judge,210900000782018
6,10,2,District and Sessions Judge,210900000732018
6,10,2,District and Sessions Judge,210900000722018
6,10,2,District and Sessions Judge,210900000712018
6,10,2,District and Sessions Judge,210900000702018
6,10,2,District and Sessions Judge,210900000692018
6,10,2,District and Sessions Judge,210900000672018
6,10,2,District and Sessions Judge,210900000662018
6,10,2,District and Sessions Judge,210900000612018
6,10,2,District and Sessions Judge,210900000602018
6,10,2,District and Sessions Judge,210900000592018
6,10,2,District and Sessions Judge,210900000572018
6,10,2,District and Sessions Judge,210900000562018
6,10,2,District and Sessions Judge,210900000542018
6,10,2,District and Sessions Judge,210900000532018
6,10,2,District and Sessions Judge,210900000522018
6,10,2,District and Sessions Judge,210900000512018
6,10,2,District and Sessions Judge,210900000502018
6,10,2,District and Sessions Judge,210900000472018
6,10,2,District and Sessions Judge,210900000462018
6,10,2,District and Sessions Judge,210900000452018
6,10,2,District and Sessions Judge,210900000442018
6,10,2,District and Sessions Judge,210900000402018
6,10,2,District and Sessions Judge,210900000392018
6,10,2,District and Sessions Judge,210900000382018
6,10,2,District and Sessions Judge,210900000372018
6,10,2,District and Sessions Judge,210900000362018
6,10,2,District and Sessions Judge,210900000342018
6,10,2,District and Sessions Judge,210900000332018
6,10,2,District and Sessions Judge,210900000322018
6,10,2,District and Sessions Judge,210900000312018
6,10,2,District and Sessions Judge,210900000302018
6,10,2,District and Sessions Judge,210900000282018
6,10,2,District and Sessions Judge,210900000272018
6,10,2,District and Sessions Judge,210900000262018
6,10,2,District and Sessions Judge,210900000252018
6,10,2,District and Sessions Judge,210900000242018
6,10,2,District and Sessions Judge,210900000222018
6,10,2,District and Sessions Judge,210900000212018
6,10,2,District and Sessions Judge,210900000202018
6,10,2,District and Sessions Judge,210900000182018
6,10,2,District and Sessions Judge,210900000162018
6,10,2,District and Sessions Judge,210900000112018
6,10,2,District and Sessions Judge,210900000102018
6,10,2,District and Sessions Judge,210900000092018
6,10,2,District and Sessions Judge,210900000082018
6,10,2,District and Sessions Judge,210900000072018
6,10,2,District and Sessions Judge,210900000052018
6,10,2,District and Sessions Judge,210900000022018
6,10,2,District and Sessions Judge,210900000012018
6,10,2,District and Sessions Judge,210900001042017
6,10,2,District and Sessions Judge,210900001032017
6,10,2,District and Sessions Judge,210900001022017
6,10,2,District and Sessions Judge,210900001012017
6,10,2,District and Sessions Judge,210900001002017
6,10,2,District and Sessions Judge,210900000992017
6,10,2,District and Sessions Judge,210900000962017
6,10,2,District and Sessions Judge,210900000952017
6,10,2,District and Sessions Judge,210900000872017
6,10,2,District and Sessions Judge,210900000852017
6,10,2,District and Sessions Judge,210900000812017
6,10,2,District and Sessions Judge,210900000792017
6,10,2,District and Sessions Judge,210900000782017
6,10,2,District and Sessions Judge,210900000772017
6,10,2,District and Sessions Judge,210900000762017
6,10,2,District and Sessions Judge,210900000752017
6,10,2,District and Sessions Judge,210900000742017
6,10,2,District and Sessions Judge,210900000722017
6,10,2,District and Sessions Judge,210900000712017
6,10,2,District and Sessions Judge,210900000702017
6,10,2,District and Sessions Judge,210900000642017
6,10,2,District and Sessions Judge,210900000632017
6,10,2,District and Sessions Judge,210900000622017
6,10,2,District and Sessions Judge,210900000612017
6,10,2,District and Sessions Judge,210900000592017
6,10,2,District and Sessions Judge,210900000582017
6,10,2,District and Sessions Judge,210900000572017
6,10,2,District and Sessions Judge,210900000562017
6,10,2,District and Sessions Judge,210900000522017
6,10,2,District and Sessions Judge,210900000442017
6,10,2,District and Sessions Judge,210900000422017
6,10,2,District and Sessions Judge,210900000412017
6,10,2,District and Sessions Judge,210900000402017
6,10,2,District and Sessions Judge,210900000392017
6,10,2,District and Sessions Judge,210900000382017
6,10,2,District and Sessions Judge,210900000362017
6,10,2,District and Sessions Judge,210900000352017
6,10,2,District and Sessions Judge,210900000342017
6,10,2,District and Sessions Judge,210900000332017
6,10,2,District and Sessions Judge,210900000322017
6,10,2,District and Sessions Judge,210900000312017
6,10,2,District and Sessions Judge,210900000302017
6,10,2,District and Sessions Judge,210900000292017
6,10,2,District and Sessions Judge,210900000252017
6,10,2,District and Sessions Judge,210900000242017
6,10,2,District and Sessions Judge,210900000232017
6,10,2,District and Sessions Judge,210900000222017
6,10,2,District and Sessions Judge,210900000212017
6,10,2,District and Sessions Judge,210900000202017
6,10,2,District and Sessions Judge,210900000192017
6,10,2,District and Sessions Judge,210900000172017
6,10,2,District and Sessions Judge,210900000162017
6,10,2,District and Sessions Judge,210900000142017
6,10,2,District and Sessions Judge,210900000132017
6,10,2,District and Sessions Judge,210900000122017
6,10,2,District and Sessions Judge,210900000112017
6,10,2,District and Sessions Judge,210900000102017
6,10,2,District and Sessions Judge,210900000092017
6,10,2,District and Sessions Judge,210900000072017
6,10,2,District and Sessions Judge,210900000062017
6,10,2,District and Sessions Judge,210900000052017
6,10,2,District and Sessions Judge,210900000042017
6,10,2,District and Sessions Judge,210900000032017
6,10,2,District and Sessions Judge,210900000022017
6,10,2,District and Sessions Judge,210900000012017
6,10,2,District and Sessions Judge,210900000682016
6,10,2,District and Sessions Judge,210900000662016
6,10,2,District and Sessions Judge,210900000652016
6,10,2,District and Sessions Judge,210900000642016
6,10,2,District and Sessions Judge,210900000632016
6,10,2,District and Sessions Judge,210900000622016
6,10,2,District and Sessions Judge,210900000612016
6,10,2,District and Sessions Judge,210900000602016
6,10,2,District and Sessions Judge,210900000572016
6,10,2,District and Sessions Judge,210900000562016
6,10,2,District and Sessions Judge,210900000552016
6,10,2,District and Sessions Judge,210900000542016
6,10,2,District and Sessions Judge,210900000532016
6,10,2,District and Sessions Judge,210900000512016
6,10,2,District and Sessions Judge,210900000502016
6,10,2,District and Sessions Judge,210900000472016
6,10,2,District and Sessions Judge,210900000212014
6,10,2,District and Sessions Judge,210900000202014
6,10,2,District and Sessions Judge,210900000172014
6,10,2,District and Sessions Judge,210900000162014
6,10,2,District and Sessions Judge,210900000132014
6,10,2,District and Sessions Judge,210900000092014
6,10,2,District and Sessions Judge,210900000042014
